# Created by Octave 7.2.0, Tue May 21 19:21:59 2024 -03 <joyce@joyce-VivoBook-ASUSLaptop-X515DA-X515DA>
# name: sinal_Degrau_Ruido
# type: matrix
# rows: 1
# columns: 100
 -0.27514742381094726 -0.27670724068438723 -0.45483649461598347 0.060453551505356154 0.16312380214920652 0.23527714418872089 -0.15261564766344693 0.10634440681102847 0.035023176849703803 0.029529138143343195 0.26950742642564851 0.046207717839236488 0.0075213112126557048 0.019549610711969551 -0.11174423002853894 -0.24294026833340215 0.22515313619194355 -0.054099174300622513 0.07240980516102756 0.12765730169720513 -0.23958921497831398 -0.12306110494948851 0.27647611269961847 -0.38442415183579759 0.17104419157570119 0.18708259755856574 0.21047714847674046 0.33486577093057074 -0.091321930720814792 0.15951737818728284 0.15484906891862521 0.24255436269654507 0.14781829820294484 -0.08040547300010005 -0.34973889561970339 -0.21781501299120878 -0.12721803690630867 -0.13833603008188713 0.30934403237270958 0.20907225219193523 -0.19333301512632597 0.18663356813643847 -0.19967097112780274 0.11236706595574314 0.25606748132682483 -0.18156414259729209 -0.23820398455456299 -0.14168810155887734 -0.052299347854445871 1.0536900057978944 1.1523882687124298 0.96500290569204916 1.1049218101918714 1.1135448086929018 1.4910079393919289 0.85699294291482908 1.2332546046207267 0.98309960425725684 1.0222193015875389 1.0507826376959115 1.0088131867407144 1.0074089336381216 1.1749178625752232 0.85648927467471259 0.36743441890501005 1.0282067347853667 1.4003248319934976 0.6700694032567498 1.2255626221829383 0.93408895456499108 1.3272949170819359 1.0553468726702382 0.83228799935698849 0.84407951770959344 0.99347333250418202 1.1454673257877386 1.3496801668150702 1.0847204459481259 0.97077865042635181 1.0479512648234814 0.91210632039687967 1.0002459774783412 0.85284177213813495 1.2295241282061027 0.5562050832337293 1.2671223773684719 0.77282396366738737 1.1306955264934637 1.2175813035008622 1.2821227636412076 1.0850878460967441 0.78700250569271835 1.1735804376961876 0.91654769448996476 1.0487289410779896 1.2007201621141577 1.1447243808668304 0.63200612743395856 1.21491093282957 1.1016790407640402


