# Created by Octave 9.2.0, Thu Sep 26 17:07:27 2024 GMT <unknown@DESKTOP-8G6BSVL>
# name: sinal_Degrau_Ruido
# type: matrix
# rows: 1
# columns: 100
 -0.38745028277496479 0.18697807186665105 -0.025973595491065617 -0.2831819158872963 -0.25506784936104915 -0.074762736225065601 -0.16283024656481818 -0.046614140531440661 0.027123755733794393 -0.11549473555862566 0.051131297191549012 -0.056626403823639385 0.27328720249286137 -0.034388448104802051 -0.039859544869022323 -0.38552225573377208 -0.046332163962603715 0.41169012579022146 0.0065464268343423801 -0.10924685770879011 0.073099913006615128 -0.47005609243281327 0.06911001646542568 0.19215762002622538 0.042027516277449148 -0.15934708352006158 0.2312009341272645 0.14384297494037579 0.35517722104789762 0.060888964056189598 -0.24224784804555155 0.032237619416040912 -0.28511840546560147 -0.14120863318143984 0.014641897826208755 -0.028007400492419201 0.28034058999209738 -0.083015771882356398 0.041516538149149552 -0.098713003280554365 0.031230834287235793 -0.24714515881889088 0.094644647126807036 0.099494312354738212 -0.29025894395284885 0.12997678392005019 -0.047198821051788777 -0.23135133874945182 0.026350105838043619 0.90346039889207275 0.66438602147356396 1.10806307624686 1.2117519000080321 0.62825613299297056 1.034293282461201 0.75489718680336182 0.93012240894475562 0.81914556584617992 1.1237882212333368 0.96777683665937408 1.2261272914599204 1.0586366849788937 0.73113146851569755 1.2116268607852736 0.95444051763043436 1.2057072538132401 1.0516644107994964 1.0736235419389466 0.92982607342873946 1.206535336772387 0.76797570505291524 0.75078374198163789 0.68830433146340775 1.0790950161428889 1.1047672039082563 0.89744313970019562 0.966367562051764 1.3587742486971499 1.0990818341722053 1.2073448242107623 0.81621541814342669 0.67865846480573122 0.87276516360572631 0.83427476580976789 0.99750749786405157 1.1994157259538465 1.0410283327828731 1.1767327809574355 1.1722199133453821 0.65355420328805236 0.9230791401923778 0.75185250696041495 0.85229075299324719 0.83696369096458501 1.0926048657735508 0.70574962064655566 1.1410219659411664 0.95150209255093221 0.96364486670514427 0.97947677317380855


