# Created by Octave 9.2.0, Sun Jul 14 00:20:09 2024 GMT <unknown@DESKTOP-8G6BSVL>
# name: sinal_Degrau_Ruido
# type: matrix
# rows: 1
# columns: 100
 -0.13884522841044092 0.035809475481220557 0.053457551682900686 0.057758524239537923 -0.027304416558302808 0.33676916662432604 0.14672885032227634 0.20545420731757993 -0.013134321738218291 -0.18205660522777753 0.18447869919155932 0.11289195801030752 -0.11619013971997194 -0.12360476039800097 -0.27344800602757185 -0.2239249298242042 -0.27372964874843614 0.34974142399748132 -0.087119416792631424 0.049560180374352121 0.015358418025421728 0.43446952969586583 -0.44157056327024408 0.041293967666389902 -0.1070104933068718 -0.43058125176525525 0.34879001454126679 -0.35902721994437931 0.21417695535349821 0.25151050683768122 -0.038274790472810696 0.19340025313693865 0.29957924628553273 0.26935752380325989 -0.28592684418072439 0.04852541011064021 -0.016961265038883254 0.038437356461921299 -0.35243227701926538 -0.2290111658868165 0.1516473227643565 -0.0046822577334905933 -0.11714857935580124 0.2438395376515079 0.0095577868801790238 -0.058209192184187547 -0.32554378562724051 0.16875453344855218 0.22042792001813064 1.2246868227156065 1.0753471731042237 0.92286225244675668 1.1909440806364116 0.74249893516530352 1.1115407252176905 0.9241672547273645 1.1550186817750658 0.93009843713367302 1.1723924009222144 1.2810827554391284 1.073669655764703 1.2225599664258848 0.5997312849497396 0.89623688270934621 1.1279689987317578 0.80888852335993755 1.0739465935155079 0.75906051964871679 0.74638363075903214 0.92237044716516725 0.60445596503402421 1.0285343931057951 1.0818845940418063 0.91643429553502831 0.8267078521430955 0.73811461655614941 1.1376372834733715 1.1734496443454672 0.98748224809071505 1.1909038757756376 1.0416733387325188 1.0107174460968551 0.78303139821401457 0.72869706790640743 0.74067420262449812 0.92187356103364748 0.99449369391651088 1.4204184472395704 0.69787409499397768 1.2797657654433439 0.93664220875769266 1.2309917483961812 1.2334279435745341 1.254301027673181 0.60038242182799895 1.0113105052458464 0.83032959826623376 0.56047863172844292 0.87549916017814999 0.76848293445794424


