# Created by Octave 7.2.0, Thu Jun 27 15:04:08 2024 -03 <joyce@joyce-VivoBook-ASUSLaptop-X515DA-X515DA>
# name: sinal_Laplace_Ruido
# type: matrix
# rows: 1
# columns: 100
 1.0633039026865219 0.76500372955842588 0.99106103943809598 0.99296381840625325 0.96302015328247914 0.78407817982590855 1.0718463625155639 0.89749429901618671 0.85416923454633775 0.98103858483460749 1.0698360005364453 1.0899099493928863 1.2097656146467788 0.72053644766073188 1.1032058905651139 0.73088003029648352 1.1957759451549519 1.0079349412853329 0.78831376022437594 1.0752114226292286 1.0604065023630165 0.71585749682672639 1.0618167517448731 0.89611670572476421 1.0687896814874152 -0.86954898926743873 -0.77365881322403418 -1.0148655378708498 -1.2049862338573931 -1.2790141391251277 -1.094996317915077 -0.84688488525156491 -1.0234425765436732 -0.98902635478915291 -0.64456717762398918 -0.83985989744130196 -0.88368456032627241 -0.95411977850719076 -0.97546625907401485 -0.79481424697857017 -1.0974729059203228 -0.85153670722714825 -1.1193173487659047 -0.90125737964734931 -1.1210678937772989 -1.2314157123975 -0.71769589075173501 -0.93618115901996424 -0.89643934293215943 -0.7024701785223133 0.94208635712635314 0.85986328006254675 0.99812873247694112 0.97306855818917659 0.72923734544326668 1.0615992763081912 0.83312647586402111 1.0510173911564136 0.96946550964293454 1.0584609244443293 1.2380459083258679 0.73634276433067114 1.0850627082768607 0.92131744238265723 1.1547028752422508 0.89580820311558029 1.0791788773136448 0.98829709916714648 0.79964065390211791 1.1206047180918399 1.4657517055712377 1.0910652909142458 0.8301965585823089 1.1330567281510557 1.0345539993168524 -1.0581254413482404 -1.2556977302632153 -1.1449375974746083 -1.2444993184323905 -1.0372842286336752 -1.1632812620506565 -0.85439178589710763 -0.92060985340627954 -1.3544693657787776 -1.2965224691530346 -1.257948180555069 -0.90879533970351756 -1.4742064905005043 -0.87383028464200996 -1.0665314022153607 -0.80028106031638935 -0.90772808750534817 -0.82022942970204749 -0.67867874076075529 -1.0882155814250407 -1.0177111860319796 -0.98602839691990718 -1.0477686793899996 -1.0356785841025411 0.84899292982544716


