# Created by Octave 9.2.0, Sun Aug 11 22:28:30 2024 GMT <unknown@DESKTOP-8G6BSVL>
# name: sinal_Laplace_Ruido
# type: matrix
# rows: 1
# columns: 100
 1.2834297334550886 0.79524594273574367 0.84057574798405787 1.1716613242995308 1.014829736754669 1.1068063289377388 1.1598565037447133 0.99992573538764817 0.94317561041179299 1.3187220154605752 0.95665094027281417 0.93621840291710323 1.206315339321093 1.3686103243804182 0.83922762206196144 1.1534352605005829 1.2169081718094632 0.99276050550874473 1.1174667690469053 1.3057626170052892 1.160578742663485 1.287773193973635 1.3752429748873114 1.0073464673093071 0.72119836506875346 -1.2907052645497525 -0.97931774217906475 -0.96374975377982497 -0.44423882165010142 -0.7734361384329187 -0.85770256077457718 -1.2031368071884136 -0.86024776403539438 -1.2426857167596799 -1.1556589228102623 -0.93402585633452406 -0.9306996625150098 -1.4422238410641128 -1.214714588863828 -1.0846155063962157 -1.0669649115687139 -1.0692487722889519 -1.01822639897273 -1.0306959296455565 -1.2318511991659762 -1.0712690260705591 -0.44971494340471951 -0.82126065856740005 -0.5222667051451324 -0.81317801342948581 1.3056581285427291 0.84398647485929734 0.95134418657758923 0.77394831779615547 0.8297773961958359 0.65466824363317488 1.5221740986298469 0.95442188478137546 0.80118157426191217 0.9616225729262794 0.62336129074524305 1.1751545549870124 0.92949884212164724 0.960655208833187 0.99231254918325362 0.86160576321596971 0.50675900682533959 1.1358577877582252 0.86365084006371506 1.0195693488164201 0.9260856755793424 0.89730053006961519 1.0785065963402767 1.0171821678198314 1.1010649542635902 -0.68916524365867859 -1.0737634516611956 -1.0212443967937441 -1.0322564881259706 -1.016022981864231 -0.93404458061589724 -1.0794699794217237 -1.3774689518180041 -1.096747388386097 -0.94017646136302035 -1.1771716700223362 -0.96223518944396857 -0.95130701827099129 -0.80942982538708608 -0.54921763637842336 -0.55602717211254526 -1.0319509677083274 -0.88567251152010751 -1.0900767222997099 -0.68939807777886264 -1.1333961285326484 -0.82491864581008489 -0.75752733017223339 -0.86326620462217718 1.4755952128157024


