# Created by Octave 9.2.0, Tue Jul 09 10:37:22 2024 GMT <unknown@DESKTOP-8G6BSVL>
# name: sinal_Laplace_Ruido
# type: matrix
# rows: 1
# columns: 100
 1.1211525987784092 1.0758340192807903 0.84300462926837172 0.95060725589297979 0.98010742004209028 0.91782042082513782 0.45783294004190966 1.0026180234713435 1.2330426713038964 0.91350720498015159 0.94874568562790074 1.0698002476133674 0.74729397269645581 0.88656893856393781 1.2617529730401558 0.96234656266616303 1.2324146531483242 1.1122101135265012 1.1054440015698033 1.2075738882605216 0.99415791664518682 0.84790967364571979 0.79187856033027804 1.1505158501405681 0.95446664507787138 -0.92280695826086623 -0.86257231151604419 -1.1638166922681026 -1.0346812755575723 -0.7804150534246812 -1.300972953099909 -0.8535919347618538 -1.0994793994647716 -1.0486149078779488 -0.91105081502657159 -0.7985811183329099 -0.89958773107283041 -0.77358155962709974 -1.0018642762759846 -0.879261882930927 -0.83279100384849336 -0.92845147378951032 -1.2115120339084768 -1.2895540126615592 -1.251411275009459 -1.1887490155224296 -1.1155219255383568 -0.83095011744763569 -1.2512733682977486 -1.28404787001275 0.97931239394541414 0.81426850176006493 0.98060748659986952 1.0178929428226926 0.51297993843948475 1.1701880884583544 0.95535206195068578 0.96975977327887342 1.0062179713977126 0.8911821594708369 1.118890984207682 1.2601968511844031 0.97748156413127407 0.69754995105572148 0.93280490939052274 1.1176196985252493 0.99032096801453973 0.85185393327484327 0.53048549800991718 1.1101554351423906 0.85131224458450372 1.1875127585638774 1.409906289149822 0.90662410994124798 1.1497460325826925 -1.4416044140372124 -1.0814988837596482 -1.1308844299903562 -1.214968734069938 -1.2803037973625053 -0.92123961592027159 -0.47393363856990789 -1.1163804620818714 -1.0560639597288506 -0.68516888229634909 -0.71893732802360488 -0.99632272616877793 -1.0090536153949732 -0.95753464604416438 -0.97321828331905391 -1.2901406700079696 -1.0706963105451186 -1.0096196556026626 -0.92493066356476028 -1.0685627798762933 -1.393927843104815 -1.0676272948272791 -0.75066916198113187 -0.93951882636094286 0.9737877242150238


