# Created by Octave 7.2.0, Tue May 21 19:17:43 2024 -03 <joyce@joyce-VivoBook-ASUSLaptop-X515DA-X515DA>
# name: sinal_com_ruido_laplace
# type: matrix
# rows: 1
# columns: 100
 1.0734644752949798 1.0560330929528898 0.94384139406186951 1.0890702602570825 1.0997484013366856 1.1145435362008782 1.0481993670431204 0.99293433068726367 0.97524975327781183 0.8978366970966668 0.94198501289028946 1.0520706190949045 0.96214259495184729 1.1792996068135118 1.054828113679481 0.9268471406103661 1.0989175277934549 0.96356450933424398 1.0661147799353079 0.89233119495720525 0.83598539633101576 1.0348571268194904 0.87055243235976043 0.99682708124372765 1.0517970403120145 -1.1171998404718768 -1.1211368640709483 -1.0000774779998618 -0.94086780637791478 -0.95269016711649313 -0.9808222539038467 -1.0653493510320908 -1.0496964190744675 -1.0243786610841357 -0.87522005216693877 -0.7502025359650355 -0.97189364566926373 -0.92991530084046825 -0.98403929408601987 -1.0002780517463348 -1.0318112637097929 -0.82754795151723259 -0.97615745810144339 -0.98460589861653358 -0.90895660065558859 -0.94907718039415334 -1.0144224810717999 -0.75608042786854257 -1.1079576355799396 -1.131862395799859 1.0622846317085937 0.99025749304601984 0.96278624234479016 1.0311193848421107 1.0821918107723303 1.0801458193186726 1.0305937320984375 1.1396249410973294 0.9907915974453686 0.96768073050816983 0.91608055281174328 1.1660419715889243 0.96131233370949909 1.0394742957679168 1.0495384237240628 1.0864737006503065 0.9072159885998049 0.96776805750513484 0.94332078173571365 0.93457918241064664 1.229167613628618 1.00430777888706 1.0738923006127556 1.047889549509502 1.0027538364942425 -0.88024551433968745 -0.92648354029527413 -0.97399034617983438 -0.96797886677240241 -0.93378856069877003 -1.1046718289617414 -0.99291049508021956 -0.97050682062726423 -1.0637101163453013 -0.87298629406219597 -0.8371235713145464 -0.91796392530462179 -1.0430430450893424 -1.1437714771957492 -1.1236659941039724 -1.165578574063596 -0.93940761230678504 -0.98902565633561401 -1.0901992034766954 -0.96040713808518452 -0.95750378119909463 -1.0307204776274819 -1.0788303217546977 -1.059527721278106 1.0157243497019726


