# Created by Octave 9.2.0, Sun Jul 14 00:27:09 2024 GMT <unknown@DESKTOP-8G6BSVL>
# name: sinal_Laplace_Ruido
# type: matrix
# rows: 1
# columns: 100
 0.72514754840414875 0.80162457419090039 0.90672640604772503 0.95580995258482038 0.9952695893108755 1.2043071805246681 0.95822364956401507 0.68769713429073853 1.0506620719566768 0.8216002171914184 1.2604572281988591 1.1473705507332768 0.48008268650244901 0.76506796936719113 0.91917153589823608 0.90332066782684339 0.68742269217114371 0.93944046973018824 0.65442189679093121 0.8978912376114796 1.1608557562745161 0.8885052777946707 1.0644797610714705 0.81670982883612742 0.6637850982042347 -0.90503353488809035 -1.2073448502650248 -1.0809779769137915 -0.88600042107373722 -1.0363646491197103 -1.0505602219775902 -0.82369822420769789 -1.091051518971363 -0.93366568843135544 -1.2206807993604964 -1.1813904023845594 -0.97488976845488129 -1.1834032234172462 -1.0574520478149798 -0.83414139494631634 -0.93795843603693541 -1.0149644400920756 -0.61299087742697367 -0.91944996394542189 -0.7236088934342122 -0.82832234776223923 -1.0293784333549554 -0.93270963871061285 -0.73968715091395909 -0.9925920323042724 1.0296417053446549 1.2999290689314709 1.4240859088050879 0.7402638653247513 0.96041036587857287 1.2152608049273987 0.81797641397868504 1.0325615131616348 0.97821190879330255 1.3091200689319997 1.1041113763971959 1.1749337256509231 0.69422056458936088 1.2478692107114373 0.93097076855552585 1.141711564237426 0.81563282901544998 1.3216401681332415 0.91705553012558705 1.1280860318974979 1.1171888721225269 1.0322940766899606 1.0993762893796566 1.1951650971682977 0.9523920649138321 -0.93194873730582972 -0.9071124877038117 -0.84876647993732823 -1.0170820561195641 -0.88150185785602253 -1.222190402215628 -1.0059699541537239 -0.66900828841721016 -0.86276105893662602 -0.98670069643976455 -1.1965021335498789 -0.95929989707106178 -0.83628291923312648 -1.4756566609510837 -0.91944426777109922 -1.141294185148833 -0.81573525990573892 -1.0718927017745283 -1.1274331813024914 -1.2445559513400972 -1.1107437891471106 -0.93360123666384298 -0.94823786910136088 -1.0993316973771057 0.91101109988191742


