# Created by Octave 7.1.0, Tue Jun 04 22:49:53 2024 GMT <unknown@DESKTOP-8LGDQ9F>
# name: Fe
# type: scalar
48000


# name: J
# type: matrix
# rows: 1
# columns: 100
 46984.770202636719 37393.291373429121 31102.136930917182 26736.940609477668 23568.510140643124 21181.476994630131 19328.222380367544 17858.571935510296 16671.80552909381 15699.013225028681 14890.720840160533 14212.041407711238 13636.137172845149 13143.384236158327 12718.720361646156 12349.898924456715 12027.319659158369 11743.185471440287 11491.323603194634 11266.693121373586 11065.152913241369 10883.233469959032 10718.148986689732 10567.341237458893 10429.061147885954 10301.459684126887 10183.1044761874 10072.768533844375 9969.5065461850972 9872.5380051267948 9781.0309093827454 9694.4404688717477 9612.2174180297825 9533.8978236407529 9459.2312166062366 9387.8045208500498 9319.3078609399254 9253.4914833834046 9190.1570124890841 9129.0735562094687 9070.0660859907075 9013.0185110052353 8957.7810352507277 8904.2486837648139 8852.3353027381854 8801.9487621316584 8752.9946402514579 8705.3912631780277 8659.0883340978471 8614.0103555796977 8570.0928569347907 8527.271111807102 8485.4949608704719 8444.709832079323 8404.8855889103415 8365.9745667602983 8327.9501251344991 8290.7783962066933 8254.4180369735859 8218.8330183104772 8183.996833010945 8149.8934297423548 8116.471025519576 8083.7158593819822 8051.6092785842393 8020.139168396061 7989.2843072843716 7959.0202485809441 7929.3122724196046 7900.1389991547267 7871.4934478384966 7843.3740799822826 7815.7589442772869 7788.6293384320907 7761.9573612986278 7735.7375097492613 7709.9559607892525 7684.6055178481838 7659.6811738569049 7635.1670172886734 7611.0491065486494 7587.308703005503 7563.9324954075346 7540.9234410768977 7518.2764388816122 7495.9777411692439 7474.0149553152551 7452.3724222479414 7431.0549098525353 7410.0583679314368 7389.3675381918792 7368.9788677106144 7348.8768780490618 7329.0644603690489 7309.5312737789845 7290.2666041675875 7271.2629370083514 7252.5170895239935 7234.0207422943877 7215.7717040406005


# name: J1
# type: matrix
# rows: 1
# columns: 500
 5.1965430766601362 14.881165795928299 26.841554091880123 40.366737260116231 55.047605165263256 70.648489740386751 86.997432787716477 103.99388348006768 121.52131427351678 139.49753545384709 157.84448942305772 176.5442200134394 195.55955288783315 214.86336058378205 234.41623397020794 254.21856363208141 274.20121216202523 294.32010345396282 314.64022627736256 335.11499088885131 355.71981443175321 376.4586847886282 397.3026110756735 418.27613825465022 439.38463606677908 460.57708495381019 481.83499120242186 503.12719448631884 524.41208892809027 545.71436204450913 567.01827453956685 588.34599582355622 609.65822055157537 630.92924924055865 652.18011334049152 673.42472349767081 694.62167599910947 715.72815773392642 736.74595484017595 757.65387816876182 778.42114320923883 799.08063614538594 819.57117882590831 839.91200594307418 860.10194524432643 880.17609382438457 900.09447189958087 919.85934463992567 939.37982095188727 958.72044198034359 977.85711074618098 996.73931759716186 1015.4093821898318 1033.8497857186308 1052.0536954843869 1070.0435204870362 1087.7640356318866 1105.2371470711325 1122.4782368177018 1139.4141322485957 1156.091381430781 1172.5417192124082 1188.7048060133789 1204.6075344360183 1220.3155093291298 1235.8496332306693 1251.0959383709364 1266.080626524644 1280.7912881388879 1295.2407066246351 1309.3843989365951 1323.1714231612225 1336.6781467920384 1349.917436677709 1362.8790580229963 1375.5946918636325 1388.0480491215449 1400.217641708281 1412.0778523611561 1423.6210912790136 1434.9218984218835 1445.9519023529883 1456.7065329773422 1467.259305426111 1477.5886539268554 1487.6460001981493 1497.4731336010159 1506.9935817717212 1516.2123291399896 1525.1775323088457 1533.8857432529933 1542.3051817104133 1550.4511611598959 1558.3736395413496 1566.1000131326828 1573.5762141425125 1580.862419549431 1587.8986452123227 1594.7399205354311 1601.3594786131405 1607.7614491383838 1613.989115170587 1620.0251039329589 1625.8460783084579 1631.4558568347361 1636.8668947020421 1642.1025504020258 1647.1818226825442 1652.0702293791785 1656.8167542274339 1661.4381747887612 1665.8480911940767 1670.1034652372755 1674.1614386165795 1678.060928587222 1681.7790175010136 1685.3141249101118 1688.7325154047955 1692.0457717174463 1695.2859300835016 1698.398041087883 1701.3593723735648 1704.1596741568922 1706.8323863555756 1709.3954019689193 1711.8829156815893 1714.2451319084741 1716.4662071359105 1718.5996266822492 1720.6638537508529 1722.6060165951469 1724.4260604631656 1726.1669892179264 1727.8531550723742 1729.4607658411358 1730.9892204995419 1732.4407556353442 1733.8498345208636 1735.137769354418 1736.3349676125699 1737.452614883834 1738.5109589550545 1739.4955810699516 1740.4363321618544 1741.3290329012855 1742.1367765660902 1742.9026428702161 1743.6346604178809 1744.3253246553795 1744.9596307728339 1745.5339104813306 1746.0653144381802 1746.5826150920973 1747.0721379961183 1747.5498341755526 1747.9949293978098 1748.4082120264002 1748.8139770007406 1749.1983826231467 1749.5433894916737 1749.856203888977 1750.152424639321 1750.3865414514614 1750.6020658126579 1750.8166001994705 1751.0048903176953 1751.1897528418922 1751.3514157283928 1751.4860359356585 1751.6166215397539 1751.7410923714788 1751.8609621963858 1751.967987002412 1752.060978286099 1752.1345424792487 1752.2046685694138 1752.2655612372168 1752.3058236974493 1752.3436488211671 1752.3771010936277 1752.4113654478683 1752.4428469547292 1752.4737600002015 1752.5021438009881 1752.5231872200559 1752.5441521642106 1752.5660244030855 1752.5892092251181 1752.6143769034773 1752.637278602858 1752.6578618077983 1752.6791614478373 1752.6933875510283 1752.7073908280288 1752.7217916632912 1752.7366782102224 1752.7518650492591 1752.7677776220357 1752.7846443638498 1752.8027346186932 1752.8225586046337 1752.8447976438108 1752.8622247102057 1752.8702222483314 1752.8785839958025 1752.8874204607876 1752.8969135213404 1752.9074403461698 1752.9196593303645 1752.9256358580194 1752.9318574116828 1752.9393422175085 1752.9462077684375 1752.9462077684375 1752.9462077684375 1752.9462077684375 1752.9462077684375 1752.9462077684375 1752.9462077684375 1752.9462077684375 1752.9462077684375 1752.9462077684375 1752.9462077684375 1752.9462077684375 1752.9462077684375 1752.9462077684375 1752.9462077684375 1752.9462077684375 1752.9462077684375 1752.9462077684375 1752.9462077684375 1752.9462077684375 1752.9462077684375 1752.9462077684375 1752.9462077684375 1752.9462077684375 1752.9462077684375 1752.9462077684375 1752.9462077684375 1752.9462077684375 1752.9462077684375 1752.9462077684375 1752.9462077684375 1752.9462077684375 1752.9462077684375 1752.9462077684375 1752.9462077684375 1752.9462077684375 1752.9462077684375 1752.9462077684375 1752.9462077684375 1752.9462077684375 1752.9462077684375 1752.9462077684375 1752.9462077684375 1752.9462077684375 1752.9462077684375 1752.9462077684375 1752.9462077684375 1752.9462077684375 1752.9462077684375 1752.9462077684375 1752.9462077684375 1752.9462077684375 1752.9462077684375 1752.9462077684375 1752.9462077684375 1752.9462077684375 1752.9462077684375 1752.9462077684375 1752.9462077684375 1752.9462077684375 1752.9462077684375 1752.9462077684375 1752.9462077684375 1752.9462077684375 1752.9462077684375 1752.9462077684375 1752.9462077684375 1752.9462077684375 1752.9462077684375 1752.9462077684375 1752.9462077684375 1752.9462077684375 1752.9462077684375 1752.9462077684375 1752.9462077684375 1752.9462077684375 1752.9462077684375 1752.9462077684375 1752.9462077684375 1752.9462077684375 1752.9462077684375 1752.9462077684375 1752.9462077684375 1752.9462077684375 1752.9462077684375 1752.9462077684375 1752.9462077684375 1752.9462077684375 1752.9462077684375 1752.9462077684375 1752.9462077684375 1752.9462077684375 1752.9462077684375 1752.9462077684375 1752.9462077684375 1752.9462077684375 1752.9462077684375 1752.9462077684375 